, Trust in an airline is more important to me than compensation when making travel decisions.  ,The event would influence my choice of airline for a similar trip.  ,The event influenced my level of trust in the airline.  ,Trust plays a greater role than price in my airline selection decisions.  ,Emotion_Actual,Trust_Actual,Emotion_Heard,Trust_Heard,Choice_Intent_Heard
 Trust in an airline is more important to me than compensation when making travel decisions.  ,1.0,0.8342976876265135,0.9431191251430154,0.7377088831543441,0.5799742741978683,0.17650194230246752,0.8720815992723812,0.9431191251430154,0.8269985144945217
The event would influence my choice of airline for a similar trip.  ,0.8342976876265135,1.0,0.5961225301559768,0.3688230634251199,-0.009284766908852195,0.3655109654934495,0.30023727970148983,0.5961225301559768,0.7190689338634485
The event influenced my level of trust in the airline.  ,0.9431191251430154,0.5961225301559768,1.0,0.29753506669885255,0.13927150363278934,0.2890086703901693,0.45816952726052673,1.0,0.5728174092766459
Trust plays a greater role than price in my airline selection decisions.  ,0.7377088831543441,0.3688230634251199,0.29753506669885255,1.0,0.5488555306354561,0.4333315896354598,0.3136100415795914,0.2975350666988526,0.556364942419561
Emotion_Actual,0.5799742741978683,-0.009284766908852195,0.13927150363278934,0.5488555306354561,1.0,0.10662008170159534,0.43987655008007115,0.13927150363278915,0.4607181627658682
Trust_Actual,0.17650194230246752,0.3655109654934495,0.2890086703901693,0.4333315896354598,0.10662008170159534,1.0,0.16529116891180612,0.28900867039016953,0.4240699500005279
Emotion_Heard,0.8720815992723812,0.30023727970148983,0.45816952726052673,0.3136100415795914,0.43987655008007115,0.16529116891180612,1.0,0.4581695272605267,0.3473733239848888
Trust_Heard,0.9431191251430154,0.5961225301559768,1.0,0.2975350666988526,0.13927150363278915,0.28900867039016953,0.4581695272605267,1.0,0.5728174092766459
Choice_Intent_Heard,0.8269985144945217,0.7190689338634485,0.5728174092766459,0.556364942419561,0.4607181627658682,0.4240699500005279,0.3473733239848888,0.5728174092766459,1.0
